28.94,-0.38,24.71,27.57,37.13,38.56,33.31,36.22,22.20
27.22,39.42,23.59,32.79,28.31,2.13,35.89,19.00,6.40
16.95,2.04,30.43,11.47,16.20,12.36,21.59,23.94,29.22
15.51,1.67,31.33,11.56,17.93,12.93,21.30,23.85,31.48
33.84,7.63,6.64,17.59,27.07,38.03,33.25,18.40,24.48
28.12,0.63,24.39,28.19,37.04,37.70,33.75,37.30,20.34
26.91,38.97,23.61,34.89,27.98,-1.58,36.74,16.67,6.59
15.62,2.18,33.30,10.58,17.95,12.64,22.07,26.13,30.44
15.93,2.52,32.73,11.97,18.85,13.38,22.78,24.74,29.86
16.31,2.71,30.64,12.48,17.95,11.54,20.89,24.51,32.09
21.08,7.94,16.56,9.85,0.97,22.55,36.88,6.95,27.82
28.77,1.30,24.68,28.59,36.05,38.61,34.26,39.16,19.96
29.15,2.42,23.58,27.03,35.71,38.48,31.06,37.85,17.87
17.48,2.58,30.77,12.43,17.52,12.49,20.22,26.44,29.38
28.88,1.50,22.53,28.86,35.20,39.76,33.60,37.21,19.37
33.98,7.11,7.28,19.21,25.89,37.94,35.66,20.00,24.82
26.59,40.10,24.69,33.37,28.04,-0.79,34.92,17.68,4.31
22.42,7.58,16.88,9.76,0.67,21.96,36.37,6.23,29.19
22.36,8.46,16.97,10.39,1.16,22.25,37.05,7.04,27.18
33.36,7.66,6.35,18.65,28.48,38.75,32.86,22.16,24.80
33.56,18.53,31.45,24.39,16.29,0.80,21.64,13.65,8.03
34.71,17.64,29.51,25.77,16.26,0.47,22.67,13.19,6.33
33.03,9.26,7.54,16.77,26.39,38.78,34.57,20.01,24.12
34.10,7.73,5.84,17.01,27.42,37.59,33.82,20.24,25.18
28.40,2.96,24.17,28.37,36.42,37.92,33.87,38.38,17.87
25.96,39.06,25.70,33.98,28.38,0.43,37.43,18.29,4.84
16.53,2.03,30.97,11.59,17.21,12.39,20.40,25.71,31.45
33.17,16.68,30.28,25.27,14.64,-1.78,21.19,11.80,2.87
34.97,7.39,8.12,17.99,26.17,37.67,33.36,19.87,24.96
28.32,0.93,23.47,27.20,37.47,37.98,33.45,38.28,20.53
29.70,2.50,21.15,28.51,37.05,36.82,33.06,37.49,19.63
27.43,39.16,23.87,33.38,28.56,1.91,35.19,16.96,4.18
22.66,7.34,16.00,10.27,0.77,21.14,37.95,7.05,28.85
33.72,18.36,31.21,27.98,13.43,0.59,21.90,12.77,5.58
32.15,9.78,6.21,17.85,25.49,38.75,34.35,20.01,25.19
16.66,2.09,30.84,11.77,16.30,15.21,20.80,23.40,30.15
16.67,2.48,31.11,12.07,18.51,11.95,22.08,24.73,32.63
29.62,1.51,23.23,28.93,37.10,39.23,33.95,37.68,20.80
27.41,39.58,24.10,31.44,29.14,0.75,37.29,18.45,5.59
15.37,2.13,31.01,12.07,17.48,12.48,22.71,23.35,30.16
33.33,18.29,30.21,24.88,14.34,-0.57,22.53,11.17,6.03
28.44,1.90,22.32,28.99,34.50,39.06,33.71,38.40,19.39
32.44,18.04,29.72,26.34,12.91,0.04,21.23,12.08,5.87
29.34,0.64,22.94,27.36,38.71,39.93,32.59,39.84,20.40
27.79,39.60,25.66,33.39,27.93,0.93,35.79,20.17,5.54
21.54,7.60,14.51,9.84,2.90,21.81,35.88,7.85,29.66
15.82,2.99,31.08,12.73,15.76,12.96,20.94,22.65,30.32
27.00,1.34,24.75,28.18,35.47,38.23,31.53,37.29,20.90
26.09,38.67,23.27,34.69,26.97,0.85,36.87,19.34,4.95
23.37,7.94,16.47,9.03,1.61,23.31,37.57,6.91,27.62
34.47,7.13,7.92,19.17,27.33,39.08,33.01,20.61,24.74
33.73,6.88,7.39,17.94,26.06,38.17,33.91,18.04,25.09
29.33,0.72,22.58,26.94,35.28,38.86,34.12,37.86,19.23
16.27,2.57,29.03,11.37,18.45,11.73,20.80,24.14,29.44
28.36,38.89,24.45,32.77,29.16,2.28,35.23,17.90,4.67
16.73,2.39,32.53,9.55,18.38,13.24,21.68,26.00,28.78
33.93,8.22,6.46,18.99,26.69,36.08,33.53,19.35,25.24
28.32,40.63,24.52,31.21,28.87,0.23,36.79,18.61,3.73
20.97,7.92,14.34,8.73,0.68,21.17,37.23,7.28,29.71
32.83,8.28,6.68,18.67,25.12,39.30,31.88,20.99,25.44
17.43,2.64,32.27,11.99,17.36,13.78,21.35,23.49,31.38
28.43,37.83,24.30,33.07,28.25,2.05,36.21,16.78,4.91
21.56,7.76,15.45,9.39,0.40,20.68,37.40,6.97,26.95
21.71,8.70,15.53,10.12,1.60,25.01,37.20,6.67,28.45
22.46,7.07,16.02,8.86,0.08,20.07,37.68,7.24,26.67
28.41,1.55,23.05,27.63,37.15,38.72,33.02,37.82,21.13
27.85,38.45,24.61,31.63,28.16,0.30,36.57,17.33,4.89
23.64,6.64,15.12,9.28,0.91,21.61,36.47,7.09,28.53
34.95,8.65,8.38,16.60,26.64,37.61,33.20,19.67,25.66
15.49,2.06,32.00,10.31,16.54,14.10,21.05,25.50,31.63
23.22,8.47,17.21,10.71,0.46,24.22,36.42,7.86,28.96
33.55,18.14,30.40,26.54,14.38,1.19,19.67,13.07,7.26
21.54,8.06,16.89,10.08,0.13,22.92,37.07,7.89,28.16
33.46,8.32,5.76,18.12,26.91,37.23,32.79,20.13,25.14
27.97,37.94,24.81,33.18,26.56,1.93,34.72,19.15,5.09
28.87,-2.79,21.89,27.27,35.42,39.14,33.59,37.90,20.77
33.19,16.90,29.93,25.28,13.97,1.69,22.40,14.66,7.95
34.18,19.08,30.82,24.14,14.25,0.02,21.13,13.10,6.02
29.14,38.51,22.51,33.31,26.79,1.73,35.83,19.15,5.96
15.89,2.99,31.20,9.54,17.77,11.63,20.57,24.76,31.10
33.70,17.36,30.87,23.84,13.94,-0.55,22.59,12.61,8.09
23.48,6.29,14.19,8.32,0.67,23.59,36.95,7.04,27.06
16.44,1.17,31.47,12.21,15.89,12.92,22.70,26.54,32.01
34.10,16.65,30.48,24.99,14.07,1.32,21.01,12.05,4.19
33.88,17.74,30.61,24.76,15.45,0.33,22.11,12.98,6.16
28.68,1.36,24.11,25.93,36.95,40.18,34.04,38.57,21.45
15.67,4.11,31.01,12.22,18.60,11.87,22.60,24.81,30.64
33.75,17.17,30.65,25.80,14.93,0.32,21.80,14.59,5.75
28.12,1.09,24.84,28.37,35.24,38.96,33.41,38.99,19.88
32.58,16.77,29.09,27.00,13.33,1.47,22.39,14.13,5.34
29.30,1.75,24.34,27.02,35.19,38.60,34.74,38.10,20.74
29.09,3.08,21.31,28.26,35.67,39.49,33.97,37.47,18.42
20.82,7.10,17.73,7.57,2.55,23.67,34.31,6.25,28.91
34.19,17.96,29.35,27.20,15.31,-0.61,20.74,11.28,6.90
22.56,7.50,16.55,10.81,0.72,24.19,34.99,6.81,28.59
28.11,1.91,23.55,27.82,35.65,40.04,32.98,37.35,20.01
33.32,16.68,30.29,27.17,14.85,0.91,23.21,12.64,5.97
27.70,40.55,23.53,31.51,28.05,1.09,36.15,18.40,4.97
22.19,7.61,17.60,10.29,1.96,23.07,35.85,9.17,27.09
30.48,2.47,23.29,27.04,37.50,39.63,33.47,35.53,21.27
27.16,38.71,22.67,33.01,29.50,0.82,33.20,18.21,4.40
22.07,7.29,16.19,8.86,1.13,23.63,35.82,7.96,27.94
21.70,8.35,17.52,9.16,0.04,23.07,36.47,6.80,27.97
22.44,5.44,14.66,11.50,0.66,22.55,36.76,7.74,27.75
22.76,7.28,15.17,9.55,1.48,21.79,36.76,9.56,28.22
34.94,17.51,31.23,24.74,13.95,1.37,21.46,14.45,5.79
26.54,38.69,24.38,31.27,26.58,0.84,36.20,18.11,4.24
16.16,2.73,30.41,10.93,18.04,12.59,21.72,25.35,32.74
32.42,17.15,32.25,24.42,14.43,-0.33,21.96,12.56,6.59
30.41,1.70,23.08,27.31,36.31,38.68,33.26,37.09,20.91
21.82,7.60,16.39,9.29,2.26,24.33,36.53,8.20,28.82
16.95,0.97,31.57,12.05,19.57,13.44,20.53,27.40,29.36
36.08,8.78,6.84,19.16,26.07,38.23,34.41,20.00,26.20
23.27,6.22,14.69,10.38,1.51,22.86,37.40,8.15,26.84
32.91,8.28,7.57,20.03,27.97,37.54,33.01,19.73,26.00
27.81,38.92,23.67,32.69,29.46,2.05,36.24,18.35,4.93
31.86,18.79,29.12,25.04,12.53,-0.39,20.45,11.13,7.76
15.95,5.65,31.90,11.72,18.33,11.94,20.74,26.58,31.24
22.26,7.41,17.19,8.91,1.85,22.80,36.80,4.47,28.30
21.79,5.88,17.11,9.83,1.76,22.23,36.70,5.78,28.25
15.89,2.49,33.18,12.59,18.61,12.19,20.97,23.55,31.93
26.43,39.43,24.77,30.93,27.84,4.41,34.80,15.89,3.65
33.52,16.14,29.56,25.40,13.47,2.06,21.13,12.32,5.58
27.55,38.66,24.86,32.97,28.15,2.38,37.19,18.95,3.54
31.65,18.92,28.78,25.30,14.17,1.17,22.58,11.78,5.35
27.43,39.43,26.26,32.13,27.37,2.17,35.25,18.06,4.23
34.01,7.41,6.83,17.40,28.43,39.11,33.15,19.94,25.37
28.22,39.90,25.52,33.46,26.18,0.89,36.55,19.05,4.59
35.44,18.31,32.27,25.76,13.17,-0.62,20.39,12.15,5.80
16.17,2.06,31.87,11.34,18.89,11.83,22.01,27.09,30.81
20.29,6.95,16.78,9.12,0.72,23.42,36.20,6.36,27.95
34.31,6.73,5.83,16.49,24.94,39.38,34.57,19.51,24.51
21.24,7.57,15.39,9.19,1.48,22.57,36.04,5.71,26.87
25.05,39.73,23.51,31.34,26.63,0.16,35.73,18.75,4.50
28.38,-0.04,23.37,27.57,35.59,39.67,32.82,38.40,20.63
22.35,6.77,15.74,11.04,3.36,23.49,37.59,9.47,27.78
27.91,2.95,23.93,28.31,35.91,40.44,36.39,37.66,21.00
33.97,17.70,28.84,25.44,14.43,1.24,23.36,11.24,6.20
28.24,41.58,22.59,32.58,26.67,2.80,35.75,17.31,5.88
15.85,3.22,30.09,9.77,17.71,10.63,21.94,24.95,30.05
28.18,40.16,23.89,32.82,28.39,0.96,36.74,19.44,5.33
33.34,18.02,30.90,25.15,14.78,-0.15,20.47,11.93,6.23
32.01,17.46,29.82,27.10,14.46,2.90,21.36,14.46,5.21
21.70,7.25,16.62,10.49,0.86,21.94,38.17,5.76,27.47
17.65,1.43,30.79,11.82,18.18,12.46,21.22,25.06,31.96
32.90,9.84,8.11,18.48,27.55,37.20,32.69,20.50,25.38
29.09,38.01,23.96,33.36,28.87,0.85,35.97,18.95,5.15
22.56,9.18,18.09,10.20,1.11,24.98,34.72,6.79,27.99
32.74,9.35,7.53,19.04,26.62,38.53,33.20,19.81,25.53
32.66,6.53,7.58,18.19,26.57,39.36,33.21,22.91,24.65
33.21,18.15,32.30,23.82,15.09,0.24,21.53,13.65,7.21
28.05,40.91,24.75,32.98,28.80,0.53,35.23,16.05,5.44
27.25,39.56,23.93,32.01,26.41,0.44,37.06,18.05,3.86
34.54,7.53,7.24,16.91,26.55,38.52,33.40,19.86,26.22
26.28,39.05,24.25,33.45,30.59,0.84,37.78,16.20,5.60
26.24,39.06,25.46,32.86,28.76,1.60,35.53,16.68,5.94
33.86,8.68,7.41,16.38,28.02,36.85,32.20,20.57,25.64
28.17,1.26,22.85,26.23,38.10,39.16,35.13,36.74,19.87
33.52,8.30,7.13,16.41,27.44,37.45,32.86,18.88,25.11
27.65,1.72,23.61,28.62,36.41,38.96,32.37,38.17,19.32
35.70,16.92,29.53,26.19,15.50,0.26,22.75,10.54,5.74
28.81,37.77,24.28,33.08,29.22,0.79,36.96,15.67,5.94
28.90,0.28,23.71,27.15,34.17,40.15,33.07,37.69,18.94
27.89,39.62,23.53,31.79,28.33,1.56,37.64,18.52,5.74
34.04,7.81,6.01,17.60,26.31,38.87,33.68,20.97,25.35
15.84,1.55,32.88,10.78,18.74,10.85,20.37,25.76,31.08
33.91,17.81,29.23,24.90,14.85,0.62,21.44,12.88,6.13
30.24,0.69,24.75,27.76,35.56,39.60,34.95,39.15,20.86
27.69,1.04,23.29,27.75,36.21,40.20,33.88,38.32,18.20
28.72,2.61,24.18,27.48,36.29,38.72,34.40,35.98,19.51
32.73,17.76,31.45,26.80,15.64,1.49,20.33,12.40,4.97
27.77,38.32,22.46,33.05,29.17,1.22,35.71,17.56,6.24
19.87,7.63,15.72,11.69,0.98,21.54,35.48,7.04,26.26
28.51,3.08,22.41,27.73,35.06,38.98,35.84,37.80,20.98
33.08,17.55,30.64,24.17,13.03,0.01,21.95,14.95,4.38
21.24,7.33,15.02,8.80,1.03,23.11,37.22,8.51,28.62
29.04,0.63,22.27,29.34,36.45,40.68,32.85,38.58,19.43
15.67,-0.04,30.91,11.71,14.83,14.11,20.10,22.93,30.50
15.67,1.97,31.03,11.16,16.56,12.13,18.14,24.56,31.67
33.72,5.66,6.05,19.77,28.11,40.05,33.49,19.39,27.06
34.31,18.21,30.59,23.40,14.36,1.65,22.11,13.93,5.14
31.09,4.93,5.70,16.41,25.44,36.77,34.47,20.43,24.18
22.67,7.46,16.69,11.28,0.24,23.03,35.93,6.99,28.27
28.40,39.41,25.09,32.78,26.87,0.08,36.48,18.96,3.61
17.71,2.06,30.68,11.65,17.93,11.71,21.72,25.21,31.46
21.44,6.13,16.32,8.02,2.31,23.91,37.69,8.06,29.17
21.17,6.04,14.89,11.82,1.02,23.22,37.84,9.29,29.11
32.88,16.17,29.69,24.79,15.97,0.08,19.37,10.52,7.30
21.57,8.39,14.25,9.83,0.50,22.44,36.43,6.28,29.10
27.71,39.17,23.49,32.55,28.56,1.22,36.24,18.06,6.03
32.68,6.18,7.43,16.84,26.24,36.75,32.03,19.82,26.63
33.21,7.89,5.45,17.59,26.76,39.50,31.75,20.72,25.48
26.73,-0.04,24.71,26.54,35.98,39.04,33.18,35.98,19.38
32.49,16.38,32.12,25.55,13.98,0.07,21.72,13.17,6.06
18.86,4.12,30.14,9.88,16.56,12.33,19.74,23.86,29.40
30.82,2.27,23.79,27.20,36.65,38.18,33.11,38.90,21.06
16.10,2.09,30.74,11.01,19.45,13.01,22.23,25.19,31.69
16.55,2.47,29.42,10.55,17.26,11.46,23.52,23.88,31.46
32.51,18.22,29.47,25.84,14.16,1.43,21.07,11.92,6.00
33.01,19.44,29.73,24.33,16.03,0.51,21.81,11.84,6.32
16.07,1.95,31.39,11.98,17.85,11.03,20.99,25.53,31.28
28.67,0.66,21.37,28.23,36.22,38.38,33.45,39.04,18.97
33.96,8.16,8.51,19.10,26.92,37.41,33.38,19.72,23.44
29.49,-0.50,25.84,29.74,36.38,38.48,34.24,37.92,19.50
16.90,2.05,33.18,11.30,19.13,11.72,20.43,25.34,29.63
26.14,38.77,24.55,33.79,27.44,0.95,35.01,16.08,5.65
32.74,9.22,7.06,18.44,26.70,38.03,31.45,19.51,24.06
28.43,38.14,22.32,33.34,26.45,0.31,36.54,18.06,4.95
28.01,0.79,24.94,28.70,35.76,37.82,33.04,36.63,19.70
28.26,1.05,21.15,28.67,36.89,37.95,34.31,39.11,19.86
26.66,1.09,22.63,27.42,36.45,39.70,34.46,37.46,20.09
26.97,39.53,21.88,30.81,29.15,0.59,37.15,18.06,4.70
27.67,40.37,24.04,32.69,27.89,1.14,35.64,17.94,4.51
32.69,7.40,7.24,18.02,26.83,38.61,34.34,19.07,23.78
29.02,0.55,22.52,27.66,34.14,37.08,31.88,38.57,21.42
30.14,0.61,22.48,29.51,37.85,40.21,33.46,37.64,20.78
29.00,38.97,24.63,32.74,27.36,0.82,35.52,17.47,5.92
31.85,8.67,7.80,15.96,26.44,38.28,33.73,21.32,23.14
32.59,15.95,30.76,25.49,15.08,0.92,20.37,13.03,3.90
27.71,38.84,24.74,34.21,28.51,1.08,36.68,19.24,4.71
15.26,1.46,31.81,11.97,19.31,13.77,22.98,24.68,30.79
17.18,5.22,29.04,12.48,17.54,12.72,21.46,24.05,31.85
24.24,39.25,24.23,33.03,28.08,0.73,34.78,16.79,5.23
27.30,38.86,23.43,33.49,27.89,2.12,36.18,18.42,3.92
17.41,2.28,31.18,11.71,18.47,11.14,17.99,26.09,31.54
27.31,39.77,23.25,32.75,27.06,2.21,36.74,16.43,3.39
17.35,3.72,32.73,11.12,16.92,12.97,22.55,26.10,32.31
21.86,7.64,16.22,12.01,1.70,23.19,35.99,7.14,29.23
17.05,1.68,32.95,10.76,17.42,14.23,20.35,24.09,33.24
32.75,9.06,5.88,16.33,26.16,38.02,33.16,21.28,25.08
28.90,0.62,22.89,28.34,36.74,41.74,33.39,37.47,19.94
29.97,1.59,21.63,27.33,36.47,37.02,33.35,38.70,21.39
31.18,17.82,30.37,26.50,14.04,1.20,20.56,11.21,5.25
29.37,39.02,23.37,32.53,28.83,1.07,33.86,17.10,4.79
27.16,2.33,23.82,28.25,34.53,38.40,34.06,39.39,19.25
27.27,41.30,24.67,33.71,28.00,-0.38,35.43,16.28,7.02
27.65,0.66,24.04,27.38,35.73,38.61,33.97,36.62,20.19
21.81,8.20,17.68,10.63,0.63,24.47,37.07,7.71,30.36
14.68,2.25,30.50,12.65,17.34,11.38,22.01,24.91,30.40
21.64,6.96,16.33,9.05,1.01,23.56,36.93,8.39,25.75
33.95,16.36,31.86,25.47,15.75,1.70,23.77,12.79,4.78
16.63,3.83,29.91,11.72,16.55,13.56,22.23,24.12,30.12
26.08,1.57,22.30,28.50,35.11,36.92,34.21,38.27,21.16
33.37,6.91,6.04,17.58,28.76,37.24,32.12,20.85,27.67
21.52,9.24,15.72,9.85,1.83,23.52,36.84,7.80,26.84
33.61,16.86,31.36,26.19,14.03,0.24,22.61,10.93,6.37
32.44,18.07,31.83,26.04,15.32,0.54,21.32,11.68,5.43
21.66,9.37,15.59,10.21,2.20,21.87,36.46,7.84,27.04
33.42,7.80,5.85,18.06,26.23,38.64,33.17,20.10,25.35
16.03,1.37,33.53,10.52,19.91,11.96,20.47,24.44,31.24
15.66,3.49,31.81,12.83,18.71,10.89,20.42,25.83,30.61
22.36,8.76,15.73,9.64,1.50,22.04,38.17,6.06,28.15
15.34,2.26,32.77,11.39,18.47,12.14,19.71,23.09,30.57
32.98,17.35,32.31,24.42,14.65,1.89,23.88,14.22,7.86
34.95,7.72,6.37,20.02,26.32,39.80,34.17,20.48,23.26
33.21,17.82,30.71,26.49,14.51,0.31,21.71,11.59,3.93
27.00,39.55,24.56,30.88,28.09,0.29,36.80,18.79,4.93
15.91,2.26,32.01,11.90,18.45,11.25,19.62,23.39,31.00
21.92,6.43,15.19,11.08,3.26,23.93,36.30,7.31,27.78
32.38,10.01,7.71,16.56,27.84,39.26,32.69,20.32,26.18
32.90,19.62,30.06,25.25,14.29,-0.26,20.99,13.00,4.37
15.87,3.56,31.68,11.43,17.43,13.14,21.60,24.67,33.08
14.01,2.39,30.34,11.92,18.43,11.88,20.44,25.42,30.95
33.00,7.13,9.39,17.86,26.43,38.46,32.66,20.81,25.53
15.88,2.54,31.53,12.25,18.79,12.36,20.78,24.15,30.57
16.75,3.10,30.77,11.98,19.50,12.70,22.10,26.31,30.97
17.19,1.13,30.75,12.69,18.46,11.55,20.69,25.53,29.77
33.17,18.32,32.18,27.56,14.72,0.24,20.94,11.21,4.94
16.20,2.23,32.63,11.64,17.28,12.03,20.34,25.82,31.76
33.30,18.25,30.64,26.12,12.60,1.34,20.52,13.58,7.32
15.67,2.10,30.92,11.36,17.18,11.49,21.77,26.73,31.34
14.12,2.42,31.51,9.76,17.24,12.60,22.02,25.81,31.41
28.76,40.89,24.12,31.56,27.75,1.97,35.33,17.34,5.02
17.52,2.06,30.40,11.79,19.69,12.17,22.33,24.99,31.54
29.56,0.12,23.10,25.61,36.36,39.64,34.76,38.64,20.54
33.18,9.20,6.45,17.09,26.77,38.36,33.61,19.66,26.52
27.09,1.29,23.01,28.81,37.34,38.93,32.51,38.25,19.48
22.47,6.80,15.66,10.40,1.09,20.89,36.49,5.42,29.01
27.72,37.16,23.21,32.22,28.32,2.25,36.65,18.32,5.02
33.37,16.41,30.13,26.03,14.99,0.67,22.06,12.89,5.92
29.66,1.86,23.02,28.21,35.59,37.95,32.25,38.72,20.09
27.19,40.22,23.09,33.13,27.61,0.18,37.25,18.93,4.00
17.06,1.48,30.14,14.00,18.80,10.95,19.41,23.84,32.05
28.77,1.44,22.85,26.70,35.33,39.25,33.39,38.64,18.76
34.62,9.39,5.41,16.94,25.32,38.61,32.84,19.76,25.51
16.45,3.52,30.92,12.71,18.55,12.54,21.18,26.27,31.56
27.37,40.29,23.81,31.71,27.43,0.51,36.27,17.38,3.63
27.64,38.45,25.66,32.38,27.32,1.22,35.07,17.83,3.08
24.09,7.09,16.06,10.20,1.81,21.42,37.14,5.95,27.47
28.03,39.95,24.26,31.41,29.72,1.93,35.77,19.43,4.54
22.18,7.96,14.51,10.09,3.09,22.28,35.27,6.42,27.53
22.03,7.20,16.08,10.96,2.32,22.35,36.69,6.90,28.06
28.49,2.47,23.96,26.38,35.93,40.42,34.15,37.28,19.17
33.86,16.96,29.85,24.97,14.90,-0.17,22.69,13.01,6.81
30.27,1.23,23.65,28.10,37.20,38.13,32.55,38.98,20.96
35.63,17.88,30.89,25.02,15.48,0.59,21.22,12.45,6.22
32.21,9.14,6.63,17.92,27.83,38.94,34.15,20.36,24.26
33.78,17.44,30.39,25.72,14.19,1.21,22.65,11.60,4.57
30.39,0.53,23.68,27.28,37.84,37.45,33.08,36.93,19.49
33.38,8.48,6.24,18.67,26.20,38.63,33.90,22.09,24.74
21.90,7.31,15.57,9.87,3.21,22.00,36.90,7.34,27.38
15.75,2.00,30.81,11.86,19.04,12.46,21.63,23.73,30.30
16.73,2.56,31.44,13.30,17.70,11.56,21.26,23.45,30.63
26.81,38.23,23.21,32.67,28.88,0.76,37.26,17.82,4.98
31.97,18.08,30.19,25.63,14.78,0.54,22.22,13.78,4.81
30.07,0.55,24.14,30.90,37.16,39.22,33.93,38.80,20.29
27.58,36.38,23.21,32.18,28.03,0.72,37.99,18.96,5.21
34.50,7.25,8.63,16.75,27.38,37.92,33.82,19.49,25.39
29.53,1.74,25.13,26.81,34.84,38.94,34.17,36.77,19.73
28.34,1.73,23.46,28.45,37.64,39.47,33.61,37.29,19.63
25.09,39.50,24.56,31.68,25.95,1.92,35.85,19.33,3.76
28.47,37.94,24.13,34.88,29.11,1.88,37.13,19.55,4.72
34.87,7.63,8.40,18.54,27.57,38.64,34.38,20.16,25.73
22.51,7.43,16.50,9.04,0.14,22.96,36.86,7.42,25.96
31.41,18.32,29.96,26.55,12.67,1.32,23.21,13.07,6.76
21.21,7.93,15.25,8.81,0.50,22.56,36.41,7.83,28.58
22.04,6.27,15.44,9.41,2.47,24.00,37.13,8.22,28.86
27.96,2.05,23.32,29.65,35.76,38.28,33.12,39.32,20.67
21.45,6.53,16.93,8.66,2.92,23.18,37.65,6.76,29.37
32.33,16.63,31.27,25.98,13.37,1.13,21.62,13.21,6.70
20.89,6.36,16.34,8.69,1.80,23.34,38.93,7.19,29.41
20.96,7.70,17.08,9.58,2.19,23.46,37.76,6.10,28.90
29.00,0.79,22.22,27.16,34.28,38.95,34.09,38.09,21.88
28.58,1.25,23.94,27.58,37.80,39.04,32.30,37.01,20.32
27.75,38.88,23.94,31.99,28.11,1.08,36.52,19.22,4.43
32.76,18.97,28.34,25.02,15.31,-0.56,22.13,13.74,6.59
25.87,38.92,23.81,31.53,28.85,1.71,36.43,18.40,6.05
33.10,8.48,6.29,16.71,28.10,39.54,32.07,20.69,24.35
28.57,40.76,24.15,32.48,29.06,0.66,35.45,19.25,6.55
16.57,0.26,30.90,11.08,18.25,11.43,22.67,23.44,31.53
31.77,18.44,28.77,24.79,14.81,1.54,23.08,12.70,6.04
34.00,7.67,6.26,18.26,26.33,38.47,31.94,20.25,24.27
16.13,2.91,30.35,11.16,18.04,11.05,20.51,22.92,32.48
25.60,38.34,23.78,32.41,28.97,2.87,34.76,17.01,5.46
17.37,1.30,32.23,11.05,16.74,10.93,22.79,25.39,31.18
33.15,18.94,32.75,25.90,13.72,-0.64,22.02,14.81,6.54
22.96,7.78,16.18,9.79,0.69,21.55,33.76,7.56,28.29
17.37,2.49,31.97,11.46,19.38,13.12,22.52,24.06,30.87
14.01,0.48,32.37,13.04,17.94,11.79,19.39,22.62,30.76
17.47,1.89,30.73,11.29,19.37,13.05,19.92,24.77,31.15
14.89,1.90,30.15,11.91,18.16,10.61,20.81,26.11,32.62
33.98,18.51,31.30,24.89,13.76,1.76,22.20,12.47,5.24
15.07,-0.67,31.53,9.80,17.39,13.03,22.78,24.99,30.22
31.09,6.65,5.55,17.90,26.33,38.48,32.75,18.97,26.54
22.19,7.49,16.22,11.15,2.17,22.33,38.37,6.84,27.71
20.84,7.78,15.47,8.36,-1.11,23.04,37.09,7.68,28.96
16.64,1.48,30.85,10.40,18.23,11.17,20.17,25.42,31.05
27.72,0.82,21.71,26.76,36.33,39.06,33.10,37.82,20.70
31.95,6.73,8.52,16.41,28.61,39.18,35.56,20.43,24.88
28.23,39.09,24.01,33.41,28.05,0.55,34.06,19.73,5.31
29.65,0.69,24.33,28.62,37.76,40.20,33.32,38.08,19.64
33.96,17.35,30.53,25.87,15.88,-0.89,19.81,14.08,6.00
23.44,7.29,15.78,9.11,0.13,21.61,36.74,5.88,28.72
27.56,37.43,24.93,32.83,28.08,2.44,34.53,18.04,4.88
35.20,7.31,6.81,17.60,26.01,39.37,33.09,19.02,26.15
32.90,16.70,31.25,25.41,15.15,0.03,21.11,12.69,5.49
32.52,16.60,29.70,24.93,13.09,0.64,21.73,13.41,5.01
22.62,7.74,16.28,11.65,1.03,22.69,33.79,6.85,29.32
15.12,3.26,31.42,10.79,18.90,12.84,22.47,26.23,32.12
23.94,7.16,15.66,9.74,0.15,23.85,37.29,6.99,28.51
27.99,1.09,22.47,27.61,37.31,37.70,31.53,40.00,21.36
28.10,38.74,24.26,34.59,28.41,1.31,36.43,18.01,3.66
34.37,7.87,6.15,17.14,26.61,37.91,33.06,19.09,25.34
14.89,1.39,31.48,12.02,19.89,12.91,20.32,25.28,31.89
22.34,8.89,17.04,9.53,0.71,22.96,37.70,7.51,28.38
26.96,39.32,22.81,33.99,28.31,0.47,35.58,19.06,4.87
34.40,18.14,30.43,25.16,15.79,0.90,20.94,13.89,5.54
34.23,19.06,32.30,25.21,11.90,0.56,19.92,11.69,10.01
16.09,1.65,31.37,11.18,18.96,12.14,22.64,25.76,30.51
35.42,19.08,30.61,22.74,14.70,-0.31,21.90,12.98,6.23
27.29,38.35,25.12,31.20,29.14,-1.56,35.47,18.88,5.03
28.37,38.67,24.26,33.80,28.81,0.82,36.88,17.87,5.05
21.54,7.69,15.26,10.10,1.78,23.89,37.08,8.02,29.26
22.82,5.50,15.57,9.23,1.09,20.55,37.16,5.87,27.82
28.34,0.83,23.13,27.17,37.15,39.82,32.09,36.99,22.05
32.41,8.04,5.74,15.75,26.27,38.36,31.80,19.80,23.42
33.76,17.70,30.17,24.98,14.20,0.95,21.93,12.10,6.03
27.69,38.60,22.32,31.72,27.75,0.60,35.95,17.20,4.40
33.07,16.63,30.39,24.68,13.80,0.40,22.21,15.19,5.45
33.24,7.87,6.92,16.93,26.90,37.49,31.78,22.60,23.65
21.76,9.06,16.98,8.96,1.36,22.97,37.44,8.42,29.46
33.77,17.92,30.81,25.28,14.22,0.80,21.54,13.22,5.19
32.87,6.65,4.72,16.28,24.94,38.50,33.58,21.31,25.57
27.76,40.18,25.36,32.08,27.10,1.52,37.05,17.16,4.16
33.56,7.14,7.97,16.19,27.69,41.49,33.73,18.34,24.38
16.93,3.23,31.80,10.75,19.30,12.32,19.72,23.87,31.10
34.14,16.72,29.67,26.65,14.32,-0.41,22.32,12.93,6.90
32.54,16.91,30.62,27.21,13.76,0.44,21.82,13.63,5.35
30.30,2.98,22.28,28.18,37.51,40.00,34.87,40.12,20.65
21.02,8.26,15.09,10.43,2.00,23.78,36.12,6.83,27.72
33.83,8.19,7.91,19.73,27.01,37.60,32.26,20.77,26.05
26.79,40.21,25.42,32.03,28.01,1.39,36.39,17.16,5.28
30.01,-0.53,24.26,28.40,38.03,38.39,34.34,39.85,21.58
18.12,2.22,33.01,10.87,18.66,11.33,21.72,26.10,32.26
33.75,17.79,30.25,25.98,14.28,2.61,19.97,12.79,7.08
35.21,16.93,32.00,25.11,14.19,-0.22,22.09,12.50,5.52
34.31,9.45,7.85,16.52,26.73,39.11,32.12,20.57,25.25
22.28,6.70,14.54,10.78,1.59,23.78,36.52,6.78,27.73
33.73,16.43,31.22,25.42,14.81,-1.62,22.47,13.35,4.48
28.44,39.96,23.88,32.94,28.57,2.30,37.09,17.61,3.85
16.88,2.30,31.38,9.90,17.84,11.85,20.56,25.15,31.68
33.17,17.30,30.37,24.35,14.86,0.42,20.65,11.08,5.70
32.75,17.28,29.36,27.23,14.20,-1.56,21.79,12.35,6.48
33.46,16.98,30.30,25.84,13.75,0.08,20.21,13.44,7.23
29.26,0.61,22.33,28.37,34.89,37.08,33.68,36.91,18.95
33.26,8.21,5.61,19.43,26.56,37.95,33.29,20.07,25.74
21.33,7.30,17.24,9.20,2.97,21.64,35.73,6.73,28.51
33.84,7.31,5.03,17.67,25.79,39.91,34.43,20.68,24.36
32.35,19.11,28.20,25.97,14.96,0.48,23.16,13.67,3.48
28.42,39.99,25.16,31.50,27.85,1.76,37.23,18.17,5.08
33.18,18.33,30.01,24.59,14.71,0.19,22.18,13.63,5.81
21.11,6.87,14.86,10.95,3.47,21.66,36.72,7.33,26.59
32.72,19.30,30.22,26.77,14.01,-0.76,21.11,11.83,5.95
27.17,36.22,22.74,34.32,27.69,-0.91,35.74,18.56,5.11
33.41,17.54,30.67,25.64,12.42,1.05,23.02,11.81,7.02
32.44,6.74,6.31,16.22,27.27,39.36,33.77,21.82,25.77
32.10,8.99,6.82,18.53,24.95,38.03,33.87,20.84,25.42
33.49,6.83,6.61,16.91,26.31,38.81,34.68,19.63,24.05
32.50,16.12,32.22,26.05,14.26,0.65,22.41,10.71,7.23
27.15,39.55,22.92,32.93,28.67,0.69,37.73,17.22,4.11
34.37,7.95,6.92,17.65,28.28,38.12,32.92,19.48,24.51
15.88,2.15,30.57,11.49,15.84,11.26,21.63,24.57,30.73
28.04,39.41,22.52,32.80,30.29,1.20,34.78,19.25,5.61
21.82,8.51,17.46,7.20,0.11,24.08,37.06,6.54,29.17
16.24,2.37,31.94,12.78,18.20,10.79,20.50,25.27,32.47
34.17,17.87,30.95,26.30,15.86,0.29,21.72,12.24,5.33
33.22,18.81,30.95,25.66,14.99,1.21,21.63,11.90,6.75
34.31,17.73,32.57,25.78,12.89,0.18,21.75,13.01,5.43
33.13,9.84,6.00,17.91,25.95,38.09,34.20,20.66,23.14
15.28,1.65,32.34,11.99,19.16,11.87,21.99,24.49,30.59
33.74,18.45,31.47,23.64,15.34,0.23,20.87,11.29,6.26
27.53,0.48,24.49,27.42,36.25,40.58,34.00,38.17,20.28
27.40,39.81,23.92,33.52,28.81,1.96,36.50,15.66,5.03
22.85,8.13,15.33,9.40,1.73,23.37,38.47,7.86,28.26
18.05,1.56,32.24,10.23,16.86,12.36,21.16,25.69,30.78
33.30,7.42,9.36,18.21,27.72,36.60,33.83,20.39,25.49
29.13,2.76,24.79,27.88,35.24,38.17,32.83,37.93,19.94
34.19,8.28,7.54,16.48,26.89,35.82,32.56,21.27,26.14
28.97,0.36,22.10,27.48,37.14,38.82,32.36,38.28,21.70
29.03,1.31,23.71,27.52,36.26,38.07,33.59,38.84,20.41
33.90,5.98,8.69,18.38,26.95,37.45,34.47,20.12,27.47
15.45,1.16,30.80,11.31,17.69,12.96,21.26,24.91,31.99
33.49,8.13,6.89,18.32,26.68,37.86,34.34,19.60,24.78
27.93,39.40,22.93,32.63,28.32,0.81,34.08,16.08,6.15
32.04,17.96,28.99,25.97,14.00,0.87,22.46,10.83,4.25
28.80,1.80,22.49,26.83,36.21,35.94,31.83,38.03,22.55
26.25,39.47,23.07,31.57,28.51,1.27,34.43,18.16,3.88
33.58,19.64,29.54,24.12,14.09,0.90,22.61,13.39,7.25
28.76,-0.18,22.70,28.04,37.12,37.89,34.15,36.84,21.10
33.79,8.04,7.65,16.60,26.33,38.31,34.22,18.34,25.54
20.80,7.41,15.85,8.36,2.13,24.81,36.77,7.49,28.56
32.69,17.39,29.63,24.39,15.35,1.89,23.51,13.08,6.20
32.86,18.41,30.26,25.95,15.64,-0.26,21.14,12.49,5.20
28.83,2.63,22.99,27.43,36.38,38.51,31.86,38.60,21.29
16.76,1.17,30.06,10.97,18.00,14.11,21.42,23.98,31.43
33.91,16.36,31.21,26.27,13.99,1.84,21.94,12.45,5.93
33.81,17.61,29.99,24.34,12.59,2.13,23.11,13.40,6.67
28.33,2.01,24.51,27.39,35.36,40.05,32.17,36.87,20.56
33.35,7.73,5.36,18.76,27.89,38.88,32.06,22.76,22.96
15.43,2.94,32.40,13.24,20.02,11.68,21.16,25.67,31.42
22.27,8.83,17.52,7.96,2.94,22.70,35.92,6.49,28.51
17.80,1.81,32.47,11.81,17.51,10.97,22.84,25.90,31.40
27.09,40.04,25.90,33.50,28.46,2.56,35.99,18.18,3.83
15.51,2.05,31.38,10.35,16.98,14.09,21.29,26.36,31.18
32.64,10.34,6.46,18.07,25.53,38.30,32.60,19.08,23.38
25.10,39.44,24.39,33.68,28.82,0.20,35.29,15.93,5.24
35.62,18.30,29.10,23.94,14.68,1.68,20.60,12.91,5.19
33.95,18.41,29.81,25.50,14.74,2.33,21.31,13.40,5.08
16.82,0.43,31.92,11.09,17.06,12.10,22.36,23.78,30.59
32.46,17.87,30.57,24.35,16.51,1.68,22.42,12.67,6.86
16.80,1.75,33.46,11.71,18.08,12.41,22.04,22.91,31.28
19.76,8.34,14.24,8.87,0.71,24.51,36.63,7.99,27.66
33.32,17.72,31.70,23.89,14.84,1.12,22.12,13.66,6.13
28.64,39.64,24.43,31.25,30.01,-0.19,37.09,18.16,2.29
23.16,7.12,16.49,11.35,2.43,23.60,37.43,7.83,27.75
35.40,9.26,6.66,16.74,28.56,37.18,32.19,19.08,25.09
23.08,8.58,15.22,8.31,0.85,22.78,35.94,6.16,28.85
16.20,1.43,32.81,10.59,19.85,14.51,22.38,26.19,29.79
22.71,8.20,16.39,9.86,0.42,22.24,35.84,8.05,28.27
31.50,7.20,5.44,16.89,26.67,38.72,32.99,21.81,25.29
26.94,38.52,25.95,34.70,27.10,-1.50,36.09,18.66,3.42
28.08,38.67,24.64,32.65,29.15,-0.66,37.96,16.74,5.24
16.31,3.71,29.87,10.98,17.87,12.44,20.73,25.50,30.94
27.03,39.56,23.32,32.39,28.82,0.56,35.27,17.67,3.82
33.01,8.27,7.66,19.42,26.87,37.23,33.51,19.61,24.16
28.18,1.40,22.51,30.35,35.89,39.83,33.14,37.08,18.15
28.43,38.78,24.27,34.88,29.53,1.68,34.51,17.44,5.05
33.97,7.23,7.62,16.74,26.01,38.21,34.74,20.87,26.65
28.74,-0.36,23.36,27.21,36.23,36.84,34.94,39.12,18.71
32.58,17.93,31.39,24.43,13.21,-0.83,22.76,11.14,5.77
17.78,2.09,29.89,11.30,17.42,9.77,20.22,24.20,30.34
21.01,7.56,15.48,9.72,2.10,23.23,36.81,6.39,26.21
16.89,1.83,32.88,12.63,17.19,12.11,21.83,25.97,30.53
14.68,2.60,31.02,10.95,17.52,12.66,19.30,25.16,30.90
27.96,40.24,25.31,30.88,27.65,1.55,35.80,16.57,4.32
27.76,1.19,24.34,29.75,37.23,39.01,32.80,38.26,20.32
21.78,7.99,17.66,8.89,0.87,24.13,37.76,7.05,28.12
33.14,8.15,5.81,18.54,25.84,39.37,33.82,20.60,26.60
34.22,6.64,7.65,17.67,27.44,37.28,32.81,19.15,24.33
33.68,16.93,30.95,25.63,14.34,1.04,22.23,12.87,6.11
30.27,-0.50,21.68,27.79,36.68,37.47,35.56,38.46,19.96
33.24,9.41,6.30,17.40,25.93,40.67,32.98,21.33,25.82
26.80,39.72,24.09,33.06,29.49,-0.39,34.92,17.99,5.71
22.11,8.35,16.86,10.18,1.05,23.91,36.27,5.38,28.99
15.43,2.98,31.74,10.73,16.03,14.36,21.96,25.20,31.98
33.46,8.03,6.85,18.40,26.33,37.96,32.07,20.66,26.86
21.41,7.53,15.08,9.83,0.86,23.47,37.02,8.18,27.42
23.28,8.67,15.76,10.19,0.80,22.41,38.79,7.38,28.76
24.14,7.78,14.91,9.65,1.51,21.89,36.54,6.03,27.85
22.42,6.98,16.26,10.87,1.90,23.09,36.86,6.55,29.06
32.79,19.20,30.33,24.40,14.02,-2.12,22.03,11.69,4.03
22.87,6.16,15.91,9.71,2.13,23.85,36.36,6.25,29.79
23.51,7.80,17.18,9.50,0.98,21.82,37.34,7.13,25.75
29.43,39.72,22.96,32.74,29.15,0.55,35.99,17.05,5.00
21.19,7.74,15.23,9.95,2.06,23.52,37.37,6.19,27.89
23.45,7.22,17.07,9.06,-0.06,22.33,37.16,7.32,26.43
17.53,1.37,29.06,14.24,16.70,12.11,21.78,25.42,30.94
32.39,7.20,7.42,16.94,26.66,37.52,34.99,21.78,23.23
28.21,38.37,24.68,32.05,28.74,3.00,35.68,18.29,4.13
22.15,9.52,17.16,8.33,1.86,23.83,36.89,5.71,28.54
32.70,8.70,6.71,18.57,27.57,39.59,35.16,18.63,24.45
27.98,38.75,24.96,33.40,26.78,0.44,35.59,18.87,3.97
22.14,8.11,16.13,10.47,1.27,22.63,36.71,8.27,27.57
30.48,1.39,23.81,28.11,35.82,39.20,33.37,38.82,20.06
33.63,16.71,30.75,25.85,15.99,0.14,21.22,12.72,6.18
29.24,36.39,25.13,31.10,28.60,1.55,35.44,18.68,4.61
27.81,0.22,21.90,29.42,36.25,38.53,33.08,38.87,19.93
29.02,0.60,23.37,28.71,35.32,37.05,31.40,37.44,21.00
34.87,17.31,30.28,25.19,14.36,1.63,22.93,12.48,5.36
27.13,35.32,22.50,32.16,27.59,1.79,35.51,18.03,5.20
30.36,0.04,23.05,28.48,36.67,39.36,33.47,38.80,19.69
34.48,18.97,30.25,25.44,15.34,-0.10,22.32,11.13,4.03
22.22,9.32,17.88,10.18,0.79,23.84,36.12,7.03,26.64
27.69,40.49,23.95,32.48,28.92,1.83,35.41,19.10,2.79
33.78,16.90,29.33,26.75,16.31,0.15,21.84,11.43,3.59
16.56,2.26,30.85,11.41,19.22,11.84,20.12,24.19,30.84
21.21,8.03,16.19,8.03,2.13,23.24,35.29,8.14,27.03
17.59,2.18,30.61,11.37,19.02,11.60,21.59,25.84,30.97
21.84,6.04,14.63,10.67,2.49,22.80,36.28,6.67,28.84
28.40,0.61,23.28,27.91,36.93,39.67,31.75,38.95,21.78
33.13,7.84,5.66,19.14,26.57,38.51,34.68,20.00,23.87
27.64,38.71,24.14,31.32,28.81,0.37,36.86,17.94,4.59
16.89,3.18,32.11,11.11,17.88,12.35,20.26,24.44,31.09
30.48,-0.66,21.81,27.32,37.10,39.06,33.78,38.73,19.73
22.67,7.64,18.25,11.45,0.82,23.55,37.28,7.45,25.56
17.31,1.08,32.50,11.41,17.33,12.45,23.05,23.85,31.10
28.40,1.46,25.29,26.63,35.32,39.32,34.72,37.41,20.42
28.67,-0.79,21.49,27.36,38.18,39.47,35.19,37.04,21.72
32.99,6.86,7.66,18.41,28.13,39.05,34.97,19.99,26.13
32.85,17.92,30.32,25.20,13.34,-1.17,22.05,14.42,5.18
21.72,8.74,17.15,7.63,0.87,22.20,36.25,9.05,31.16
34.41,17.83,29.43,25.98,13.68,-0.40,22.51,11.81,5.08
16.49,4.51,31.02,10.53,19.48,12.39,21.03,25.73,30.66
32.65,7.86,7.96,19.30,24.88,39.73,33.81,21.14,26.28
26.31,38.43,24.21,31.60,25.85,-1.49,36.57,19.18,3.26
28.78,1.20,25.48,29.23,36.13,38.19,32.17,38.58,19.22
27.81,38.61,23.88,32.25,27.58,0.51,36.88,20.10,5.73
34.15,17.39,29.13,24.51,14.21,0.74,22.51,14.18,6.80
34.10,18.27,28.98,25.62,14.97,1.93,20.49,11.52,5.10
32.47,18.16,30.15,25.76,12.83,0.40,21.82,11.94,5.47
32.54,19.79,31.15,24.89,14.75,0.46,22.83,12.03,5.79
34.47,7.45,6.76,17.63,26.87,39.27,32.65,19.47,26.10
29.54,0.65,25.17,27.50,36.63,38.53,32.90,36.36,21.03
26.52,40.37,23.95,31.07,28.35,1.72,36.67,18.12,3.66
27.15,1.12,23.50,27.23,36.88,36.57,34.50,37.62,21.86
14.48,4.53,32.51,11.62,16.94,10.96,20.29,25.02,32.49
33.85,8.16,6.13,16.89,26.54,38.18,32.88,18.54,24.08
28.49,1.11,24.49,26.41,37.72,39.38,32.99,39.00,20.58
23.93,9.11,16.43,9.57,0.15,21.50,35.04,5.74,28.74
15.05,1.11,32.63,11.61,17.03,11.56,21.33,25.58,31.52
22.15,7.86,15.60,10.70,2.92,20.94,39.18,7.80,27.65
22.48,6.78,16.53,10.78,2.60,22.27,36.79,6.59,30.23
34.20,8.73,6.52,15.49,27.32,38.08,34.33,17.97,26.36
16.14,1.72,30.82,8.70,18.81,11.91,21.54,25.01,30.29
22.89,8.36,15.26,9.52,-1.92,22.18,36.30,8.60,29.63
20.81,7.09,18.18,10.25,0.95,23.32,37.63,6.45,29.59
27.07,40.63,25.57,32.68,29.39,1.13,34.21,17.79,4.64
27.29,38.40,23.97,32.73,28.38,1.93,35.48,18.41,3.95
32.14,8.09,8.11,16.41,27.67,38.76,33.76,18.88,26.62
16.95,1.92,32.99,11.65,18.00,13.65,21.47,24.13,31.19
32.79,8.29,7.60,17.90,25.78,39.72,34.81,17.76,26.07
32.89,8.99,6.28,18.57,27.12,37.67,32.57,22.37,26.44
21.66,7.16,15.11,10.14,0.28,22.64,36.48,6.51,27.24
28.02,1.73,24.73,26.85,36.58,40.08,34.51,37.50,20.82
31.36,1.97,24.54,28.01,34.53,37.70,34.30,37.61,19.35
29.74,1.34,22.71,28.43,34.76,39.52,34.13,36.44,18.43
27.34,39.30,23.92,32.94,29.58,0.04,34.42,17.94,4.17
21.80,9.18,16.16,9.50,1.47,24.15,37.26,7.35,26.64
25.61,39.83,23.54,33.86,27.73,1.22,36.02,18.42,5.60
29.46,-0.69,21.92,26.97,36.88,38.61,32.42,39.86,19.39
29.30,1.28,24.08,27.62,35.93,39.29,31.79,37.07,19.95
28.89,1.93,24.06,26.74,35.22,38.03,32.86,37.92,21.17
34.89,19.49,30.80,23.85,13.43,2.38,20.40,11.27,4.11
15.76,4.08,33.31,11.04,16.67,13.10,22.58,24.70,29.68
26.75,38.54,24.38,32.99,28.43,-0.25,37.36,19.30,4.53
33.64,8.85,6.36,17.59,27.37,37.83,33.93,19.87,25.23
28.49,39.24,23.65,32.74,29.41,1.39,34.59,19.21,5.69
16.82,1.71,31.69,10.73,16.06,11.32,22.46,24.79,29.08
23.75,7.75,17.34,9.93,0.96,23.73,36.77,6.98,27.51
35.87,9.55,6.55,18.39,27.48,37.82,33.54,20.46,25.86
15.60,1.66,31.46,10.69,17.02,11.65,21.47,25.47,32.50
15.77,2.06,32.68,12.19,17.54,12.80,20.74,25.93,28.77
28.12,1.93,24.46,28.79,35.86,40.13,33.02,37.71,18.00
21.86,6.97,16.86,10.88,3.09,22.35,38.24,8.45,27.69
34.14,16.67,30.53,24.05,13.65,1.67,21.79,14.07,6.08
28.91,0.79,24.27,27.84,34.72,39.55,33.25,38.82,21.34
16.58,0.47,31.67,11.34,18.82,11.27,20.99,24.82,30.90
21.44,8.61,15.23,9.50,1.03,22.22,38.26,8.84,27.79
35.84,18.22,29.74,26.16,14.77,1.40,21.66,11.19,5.90
33.70,7.35,7.49,19.17,26.91,39.76,30.84,19.33,25.51
18.26,1.41,30.35,11.43,18.50,12.06,20.15,25.25,30.76
26.68,38.76,23.97,33.46,26.53,-0.53,36.20,17.35,3.90
18.70,4.47,31.45,12.46,17.36,12.02,20.61,24.53,29.72
15.70,2.79,31.63,10.79,20.00,13.11,19.71,25.88,30.31
28.09,1.24,24.22,26.44,36.55,38.07,31.99,38.01,20.57
32.45,9.17,7.27,17.04,27.03,38.86,34.23,21.71,24.56
16.42,2.30,31.85,11.11,17.12,13.05,21.91,25.72,31.67
35.25,7.80,5.54,18.53,28.88,38.19,32.89,19.87,25.44
28.39,39.08,24.29,31.13,28.67,-0.03,37.36,20.43,3.61
29.30,38.62,22.46,32.52,28.71,2.18,35.94,18.41,5.56
32.84,7.62,5.85,17.82,25.91,37.32,33.53,22.39,26.05
18.04,2.19,31.22,11.57,19.50,11.43,21.15,24.76,30.88
20.55,7.36,16.79,10.06,1.06,24.43,36.95,6.90,28.49
26.62,-0.28,22.90,27.99,36.43,38.20,32.72,38.02,20.64
29.58,0.18,22.95,26.67,37.89,38.87,34.23,38.16,22.10
28.06,40.40,25.04,31.93,29.68,0.23,35.66,19.78,5.44
15.40,3.45,33.69,11.66,17.96,12.29,21.68,25.07,31.70
32.63,7.49,6.12,17.31,25.52,39.43,30.97,21.01,24.35
20.90,8.33,15.22,10.00,1.40,23.34,37.79,5.03,30.12
27.17,39.86,23.61,31.39,28.98,1.77,36.33,18.18,3.76
17.33,2.54,30.42,12.41,19.49,13.25,20.82,25.80,30.58
15.71,2.75,33.80,11.69,17.72,10.91,20.14,23.56,29.93
32.56,5.89,6.37,18.52,25.64,38.82,32.85,21.22,25.23
22.71,6.35,15.23,10.63,1.14,21.17,36.49,6.19,26.66
21.81,7.32,16.12,9.28,1.25,22.07,38.53,7.19,29.20
16.40,0.69,30.41,10.65,17.37,11.36,21.25,24.82,32.64
33.63,18.33,31.83,26.16,14.31,-1.16,20.98,13.33,5.54
35.41,8.84,4.77,17.14,26.80,39.14,33.39,21.40,23.07
29.41,1.04,24.91,27.25,38.74,39.73,32.76,36.56,19.08
27.61,38.90,23.79,33.18,27.66,0.51,36.01,19.84,3.34
33.80,7.63,6.19,17.27,26.06,38.56,34.35,19.09,24.45
28.88,38.38,24.05,33.04,29.15,1.44,37.45,19.02,4.81
28.36,40.39,23.61,33.55,28.12,1.95,35.31,18.01,3.85
27.96,37.45,23.63,34.52,29.00,2.61,35.03,18.80,5.85
30.02,1.47,23.76,26.27,36.89,37.43,31.83,39.34,20.92
16.83,2.96,31.63,9.80,18.36,14.06,19.99,26.78,31.01
29.38,0.49,23.28,27.65,35.80,38.36,33.55,36.11,20.77
22.11,5.67,17.89,8.84,0.67,22.39,35.85,7.96,27.07
22.31,9.49,14.49,9.54,0.38,21.77,36.76,6.80,28.69
28.81,1.10,22.96,27.17,36.71,39.43,33.60,39.83,19.41
28.87,1.49,23.24,27.06,37.47,39.04,32.51,39.00,20.45
34.51,19.28,31.04,23.30,11.85,0.11,21.81,13.54,5.23
26.90,38.54,22.89,32.24,27.24,1.88,36.33,18.76,6.24
29.99,1.00,22.83,27.05,35.20,38.51,34.60,38.87,20.02
33.04,18.66,32.34,23.71,13.93,2.75,21.75,13.93,5.40
33.07,8.56,7.66,18.33,26.32,38.02,31.34,18.94,23.96
32.00,7.97,6.74,16.65,27.93,36.98,31.91,20.20,25.85
33.03,18.93,29.63,25.07,14.55,1.77,20.46,12.37,4.98
22.34,7.68,17.36,7.65,0.46,23.17,36.85,7.31,28.54
22.64,5.98,14.73,11.43,0.78,24.17,36.06,7.95,27.58
20.98,7.74,17.24,9.77,2.64,21.12,34.96,7.52,25.40
21.29,7.89,14.24,9.29,0.01,22.34,37.18,6.38,28.15
16.12,1.04,30.33,11.57,18.27,12.54,21.79,25.84,30.86
34.16,7.83,6.70,17.67,28.93,37.96,33.57,20.32,25.25
16.36,2.43,31.76,10.99,18.58,10.71,21.68,25.94,31.04
16.94,2.93,31.14,13.15,18.14,12.28,21.23,26.09,32.27
22.84,6.74,16.85,9.41,0.72,22.50,36.20,7.30,27.37
33.33,8.09,6.12,20.30,24.99,39.29,34.57,21.50,25.71
19.31,2.13,32.52,12.59,18.31,12.42,20.10,26.08,30.32
31.50,17.64,30.66,26.69,16.18,0.29,22.79,13.26,5.26
32.43,19.44,29.92,24.39,15.07,0.44,21.50,13.39,5.10
26.80,40.02,24.47,32.75,29.17,-1.29,35.54,19.88,4.15
22.41,7.60,16.18,9.85,1.07,24.26,37.87,7.40,28.05
32.73,9.40,7.36,19.59,26.41,39.44,33.03,18.74,24.45
34.90,16.98,31.23,25.82,13.00,2.38,21.67,11.51,7.07
16.94,4.43,31.01,12.04,17.93,13.45,20.88,26.64,30.02
28.94,1.61,22.71,29.93,37.22,37.36,35.31,38.98,19.46
16.32,1.21,31.72,12.94,18.23,12.45,22.95,24.55,31.31
34.23,8.67,8.38,15.86,25.97,39.66,35.17,20.84,24.85
17.12,2.98,31.94,10.80,19.27,11.79,21.20,25.54,30.99
17.38,3.90,32.06,11.34,19.60,12.68,21.28,25.32,31.66
32.30,8.09,7.21,18.68,26.92,38.34,35.06,20.21,27.00
16.61,1.66,30.65,10.69,19.35,11.86,20.24,23.57,32.24
33.63,18.12,31.41,24.52,15.44,-0.34,21.73,13.54,5.73
16.55,2.93,31.95,11.93,19.20,11.83,21.77,25.85,29.68
26.51,1.72,23.96,28.66,35.90,38.58,36.15,36.40,19.86
28.82,39.86,25.17,32.23,28.35,1.90,35.99,18.10,5.46
29.95,0.39,23.83,29.14,37.60,41.49,34.11,37.10,20.11
21.89,6.41,15.82,11.69,2.26,23.40,37.56,7.74,28.57
16.62,2.02,31.02,12.08,18.17,12.72,20.65,22.92,29.51
28.18,0.68,24.00,29.66,36.73,39.43,34.20,36.70,20.26
26.73,37.85,24.45,30.92,27.59,-0.18,36.12,18.40,4.86
33.62,7.10,6.39,18.36,24.88,38.09,32.77,19.71,23.21
31.34,7.88,7.73,18.10,26.47,38.93,33.13,21.37,27.99
17.35,1.97,31.01,13.02,20.46,10.88,20.77,26.40,30.85
26.59,38.16,27.04,34.03,28.34,1.75,36.82,17.91,4.54
15.99,2.47,31.10,12.08,18.26,11.54,20.79,24.86,31.67
33.76,6.33,6.55,17.51,26.27,39.54,34.04,22.37,25.73
28.08,2.60,23.02,29.51,35.14,39.63,36.45,39.03,20.82
33.44,17.94,31.21,24.56,14.40,1.53,21.03,12.84,6.67
28.32,40.27,24.94,32.35,29.23,0.09,34.45,18.46,4.18
30.95,9.72,9.47,17.95,27.81,38.01,31.93,21.22,25.05
34.03,9.96,7.25,17.67,26.56,40.15,32.14,19.34,24.30
27.99,39.62,24.04,32.81,29.48,1.34,35.43,17.57,2.66
15.43,2.57,32.62,11.95,18.84,11.67,20.08,24.80,33.03
33.30,18.71,29.86,26.07,13.70,-0.59,20.54,14.09,5.99
33.51,6.40,7.17,17.60,27.28,39.33,33.26,20.50,25.17
31.96,8.20,7.45,18.44,25.70,40.51,33.32,20.74,26.13
33.80,17.94,30.10,25.64,15.11,1.35,21.76,13.35,7.63
29.25,1.21,24.01,26.99,36.09,38.48,32.17,38.13,20.46
23.49,7.26,17.08,8.48,1.96,21.15,39.66,7.69,26.41
32.07,17.43,31.91,24.94,16.08,0.20,22.54,10.89,5.08
32.29,18.71,32.60,27.18,14.70,1.00,20.92,10.94,6.07
27.81,39.39,22.14,34.66,28.29,-0.32,34.47,17.81,4.20
34.51,7.31,7.40,17.91,27.85,37.32,35.23,20.29,24.91
14.64,3.81,33.81,11.26,17.89,13.03,21.16,25.90,31.27
33.86,17.72,29.55,26.67,15.13,-1.42,20.05,13.78,3.99
33.49,7.69,6.89,18.29,27.73,40.08,34.58,20.02,23.80
29.22,0.84,25.19,28.25,35.42,36.05,33.10,38.90,19.29
33.72,7.43,8.07,16.02,26.37,38.03,32.64,18.37,26.06
28.04,2.02,22.85,25.99,36.88,36.00,33.13,38.35,19.12
26.54,1.04,22.48,28.12,35.57,36.98,33.37,38.25,19.43
33.49,17.27,29.84,25.60,15.27,0.30,21.70,14.39,4.20
22.85,8.07,15.38,9.46,-0.64,23.45,35.74,7.60,26.94
27.93,39.71,23.14,32.11,29.38,0.38,36.21,19.48,4.37
22.41,7.61,16.00,9.78,2.87,23.78,36.81,7.58,28.66
34.96,16.52,30.44,25.74,15.04,1.04,22.08,11.28,4.96
28.57,37.40,22.06,33.95,26.29,0.66,36.85,16.89,5.34
23.15,7.77,16.91,6.76,2.21,22.86,36.55,8.21,26.66
14.48,-0.65,32.23,12.70,18.68,11.54,20.93,25.37,29.93
32.30,9.18,7.69,16.97,25.79,38.42,33.04,21.35,23.32
28.69,39.93,24.05,31.27,29.22,1.96,36.01,15.79,4.63
32.81,9.67,7.32,18.49,28.97,38.34,32.72,20.35,23.94
21.90,8.88,16.52,9.87,-0.06,22.18,37.88,5.73,28.65
34.90,18.51,30.02,26.08,15.62,0.12,22.13,12.65,6.49
29.59,0.67,23.31,28.53,37.79,40.29,33.65,38.29,20.72
34.25,16.60,30.94,26.28,14.44,0.23,22.93,13.03,4.45
13.88,1.51,32.40,12.06,17.26,12.85,20.09,26.27,31.48
34.46,16.32,30.73,26.00,14.73,2.30,22.59,14.75,6.09
28.15,37.72,24.04,33.01,29.89,1.78,37.40,19.22,4.34
33.35,17.04,31.29,24.72,12.73,1.28,21.90,13.00,5.85
33.40,16.44,29.48,25.51,14.98,2.18,22.33,12.30,7.29
19.61,3.18,30.69,13.09,19.97,11.89,23.49,24.56,30.74
32.88,17.43,29.35,25.15,14.47,-0.22,21.35,15.35,8.02
23.11,6.27,17.37,9.37,0.83,22.98,36.46,9.03,27.46
33.47,7.22,6.43,17.30,27.31,39.45,32.62,18.45,24.29
17.63,0.65,30.96,11.93,17.26,11.23,18.62,23.36,30.14
29.30,0.88,24.60,28.76,38.45,37.87,33.78,37.11,20.91
25.05,39.93,24.93,31.36,29.17,2.03,35.42,16.96,5.06
34.24,17.33,31.41,24.73,13.53,0.94,22.64,12.13,4.27
28.43,1.06,22.74,27.01,37.14,39.26,36.01,38.71,22.64
16.62,2.73,31.85,12.69,16.65,11.34,23.15,24.78,29.95
32.71,9.81,5.83,16.97,28.07,38.51,33.75,19.62,24.01
33.73,18.98,30.91,25.71,14.71,-0.40,24.29,12.80,5.26
21.77,9.56,15.15,10.60,2.03,22.84,37.98,5.77,26.58
17.13,1.91,33.28,12.37,18.81,11.76,19.93,26.71,32.07
33.47,16.62,30.13,25.75,13.49,-0.90,22.25,14.14,6.18
34.78,17.71,30.68,24.32,13.84,-0.76,21.15,11.00,6.09
32.30,18.19,28.99,25.31,16.89,1.09,23.67,12.42,7.36
33.81,18.01,32.28,26.35,13.92,-0.12,21.52,14.21,5.92
34.17,9.38,6.55,18.54,28.98,39.39,33.60,20.10,25.85
21.07,8.22,16.62,11.49,0.22,22.36,37.15,8.15,27.15
34.87,7.49,6.87,17.37,26.02,39.16,32.32,20.33,24.40
29.60,0.82,22.27,28.95,35.27,38.11,32.06,37.04,20.70
34.17,16.84,31.08,25.23,13.13,1.20,19.24,11.97,6.63
17.22,2.37,30.71,11.98,18.04,12.75,21.04,24.64,30.14
26.82,40.34,24.64,31.35,30.41,1.28,35.39,17.43,5.46
34.77,7.06,6.04,18.24,25.03,39.94,33.38,20.35,24.12
28.57,1.03,21.56,27.49,36.97,38.34,34.40,38.90,21.17
32.86,6.82,5.00,17.96,26.51,38.43,33.36,20.51,26.19
30.00,0.77,25.11,26.36,37.36,39.15,31.76,38.14,22.60
26.29,40.18,26.03,32.77,29.34,1.11,34.40,18.31,6.20
28.12,1.67,21.99,27.39,37.12,40.67,33.52,38.53,20.79
33.16,8.48,7.05,17.23,26.84,38.94,34.49,19.77,24.79
29.02,2.68,22.82,28.57,37.69,39.06,34.27,39.20,20.32
21.14,7.44,15.68,10.23,0.65,24.65,38.63,8.77,29.03
34.35,7.86,6.24,19.57,25.86,38.76,31.80,19.37,24.95
17.75,3.28,30.61,10.02,18.78,12.74,21.42,26.39,31.18
14.96,1.62,31.08,12.18,18.19,15.13,21.13,26.28,31.35
29.05,0.41,23.76,27.80,36.79,39.02,34.50,38.66,19.77
34.88,19.83,30.28,24.33,16.19,0.78,21.81,12.50,7.52
29.44,-0.71,22.12,28.23,38.24,39.44,33.98,38.61,20.47
34.77,18.62,30.43,25.82,12.99,0.74,21.95,12.71,6.40
20.68,8.20,15.96,8.31,3.14,22.69,37.88,5.70,28.99
32.65,17.38,31.13,25.51,13.00,3.35,23.21,12.81,5.46
33.36,18.47,29.71,24.34,15.61,-0.08,20.21,13.99,4.37
34.41,7.81,6.53,19.71,27.94,36.40,32.27,21.33,27.62
27.03,38.64,25.39,33.49,27.25,1.64,37.25,19.75,4.71
20.03,7.60,13.39,9.93,-0.46,25.51,34.21,7.40,27.23
17.98,3.87,31.59,10.30,18.96,13.55,20.73,22.81,30.79
20.98,6.73,15.05,9.21,-0.45,23.00,36.53,7.55,27.39
33.58,8.44,7.00,18.34,27.18,37.50,34.41,19.82,26.24
31.94,18.23,31.26,27.20,14.17,2.21,22.46,12.76,6.10
31.55,8.12,7.24,17.21,27.98,36.84,33.55,21.13,23.88
33.22,8.07,7.03,17.20,26.69,38.38,32.32,20.91,23.90
21.30,7.54,16.04,9.77,2.56,22.55,36.01,9.26,28.59
21.86,7.29,16.70,8.77,3.12,23.76,38.34,7.05,26.73
25.32,6.99,16.29,9.67,1.07,23.55,37.87,8.14,31.19
26.90,39.73,22.68,33.14,28.15,0.52,35.74,18.11,5.92
20.20,6.20,16.52,10.50,0.95,22.76,38.11,7.38,29.18
31.43,17.72,32.71,24.38,15.81,-0.33,22.71,13.51,6.94
27.39,39.54,24.64,31.65,27.48,1.29,35.89,19.66,5.26
35.79,15.85,29.29,25.82,15.37,0.05,21.41,13.57,6.28
22.09,7.85,15.08,9.63,1.00,21.54,36.81,6.39,28.84
23.31,7.76,17.02,8.78,2.12,21.42,37.11,7.78,28.55
21.26,4.90,16.82,12.26,0.48,22.64,37.26,7.41,26.25
32.98,6.03,6.00,18.18,28.63,38.22,33.61,20.45,24.15
14.19,4.12,30.49,11.57,18.96,11.62,21.07,23.51,32.08
20.64,7.52,15.72,9.71,1.95,20.91,37.15,6.21,27.04
34.09,8.50,7.35,17.17,28.00,38.36,32.60,19.35,25.11
27.84,1.55,22.06,27.20,36.27,37.25,33.12,38.75,21.00
28.81,40.19,25.17,33.43,27.05,0.40,35.23,17.07,6.81
29.13,-0.45,21.97,27.62,35.99,39.03,32.64,38.75,21.22
28.73,2.11,23.76,28.94,36.25,37.91,32.24,39.00,19.33
29.67,0.84,24.30,27.57,36.04,37.77,33.32,38.12,19.41
16.46,1.80,30.86,12.49,17.08,13.36,22.08,24.99,31.75
27.73,1.98,23.38,28.39,35.26,39.87,35.13,37.33,20.24
28.39,3.44,24.53,27.84,37.55,40.25,34.08,38.30,19.42
20.54,7.96,16.27,9.54,1.01,23.64,36.63,5.80,27.58
26.22,39.29,23.64,29.02,27.00,0.44,36.99,17.71,4.75
15.91,0.81,31.20,10.87,17.36,12.67,21.37,24.20,31.76
28.69,37.16,22.97,32.94,28.91,-0.57,37.13,19.14,3.21
33.07,17.98,29.13,23.85,14.89,-0.75,21.18,11.35,6.31
34.63,19.48,31.45,24.84,15.33,-0.92,21.22,11.56,6.20
32.95,7.04,8.34,17.87,25.61,39.14,33.86,22.70,24.66
34.22,17.80,30.61,26.53,14.93,1.12,21.88,13.36,5.77
15.34,3.35,30.49,10.02,16.15,11.79,19.26,25.79,30.65
16.39,1.95,31.99,12.38,16.71,11.99,19.35,24.73,31.62
33.23,17.56,30.40,24.67,12.87,-1.08,20.44,12.47,6.14
30.79,1.10,23.00,27.20,35.66,38.28,34.08,36.97,20.34
33.66,8.75,6.43,17.71,27.48,38.37,32.83,21.75,25.49
29.85,0.32,22.55,28.12,36.91,40.64,34.59,37.58,18.56
32.18,17.88,29.41,26.90,15.77,1.06,22.25,12.44,6.52
17.11,2.59,32.58,11.58,19.73,13.19,21.64,23.86,30.89
28.05,40.54,24.86,32.15,27.77,1.15,36.00,18.55,5.54
26.14,40.40,23.53,31.69,30.41,0.93,35.69,17.08,6.11
29.22,0.53,23.98,28.33,36.73,38.49,33.78,36.71,21.36
28.22,1.72,22.78,26.36,35.90,39.39,32.60,37.38,20.85
34.22,7.68,7.39,17.57,27.17,38.60,34.14,19.89,25.88
33.67,8.37,6.44,18.45,27.73,39.29,33.18,20.32,24.31
21.66,9.22,14.91,9.47,3.04,20.88,37.34,7.31,27.55
16.59,2.12,30.33,10.35,17.06,12.29,21.06,26.16,30.98
16.48,2.96,32.47,11.32,19.22,11.83,21.36,24.39,31.05
32.17,9.16,5.94,18.27,26.92,37.08,33.06,19.28,27.16
21.93,6.54,17.51,9.69,3.25,23.05,34.90,7.23,28.28
32.49,18.01,29.28,25.59,13.87,-1.14,20.52,14.33,5.92
33.82,17.79,33.64,27.20,13.59,-0.07,20.91,13.16,6.04
33.89,7.57,7.29,17.11,27.87,38.53,34.11,21.18,25.44
22.02,7.69,15.40,9.89,1.43,22.89,36.73,6.59,26.99
27.82,37.90,23.32,31.73,29.68,0.47,38.54,17.95,4.32
19.47,7.63,13.42,9.37,-0.52,21.73,38.02,5.58,28.62
30.90,1.02,21.77,27.06,35.80,37.24,35.23,39.28,18.90
27.17,38.95,22.59,33.82,27.51,2.19,34.40,18.43,3.24
35.18,6.32,7.23,18.50,26.55,40.45,31.62,17.77,25.92
14.48,2.81,31.83,11.43,18.99,13.13,21.74,24.57,31.18
32.01,6.83,7.17,17.94,27.23,39.20,34.10,20.17,24.98
34.12,8.07,8.71,18.08,26.53,37.96,33.78,19.42,26.29
35.92,17.67,28.62,25.84,13.87,1.37,21.69,13.73,6.74
15.44,3.40,30.54,11.98,17.60,11.88,22.53,26.04,31.11
27.51,38.39,24.93,31.79,27.51,-0.35,33.93,17.24,5.16
27.75,37.88,24.36,31.55,28.55,2.12,35.98,18.08,4.45
31.53,18.74,31.85,25.03,14.51,2.72,21.68,12.26,4.70
21.10,6.00,16.72,11.28,0.40,22.12,37.60,6.72,28.39
34.73,7.18,6.41,17.71,25.04,37.79,34.18,20.20,24.78
28.12,2.35,24.52,28.14,34.01,37.74,33.18,36.21,19.19
34.88,8.39,7.92,17.62,28.03,40.54,33.62,19.70,27.38
26.16,40.40,25.34,32.32,29.31,0.19,36.43,17.57,6.29
27.72,40.40,23.15,32.79,28.99,0.61,36.36,17.74,5.68
16.16,2.98,30.55,10.75,18.56,11.34,22.68,24.70,30.86
27.48,38.10,24.24,34.18,27.99,1.19,34.89,19.65,4.25
17.01,2.81,31.03,11.63,16.52,12.77,22.43,23.25,30.55
34.02,19.87,30.07,26.13,16.06,0.61,21.41,13.19,6.93
27.29,39.88,24.01,32.76,27.96,-0.20,36.39,19.24,4.55
20.53,6.76,16.50,8.75,1.63,23.19,37.75,7.96,29.09
36.10,9.17,6.43,17.26,26.05,39.43,34.59,17.72,24.64
29.15,0.26,25.08,28.52,36.68,38.16,33.03,38.91,20.28
26.12,38.60,25.88,33.10,28.84,-0.59,35.75,17.43,4.12
27.70,1.66,23.39,28.32,36.32,39.00,33.11,37.69,19.60
33.77,7.55,6.82,19.20,26.53,38.79,34.22,21.09,26.00
34.11,16.52,30.55,24.77,13.29,2.06,22.28,11.89,5.55
26.86,1.65,22.56,29.36,35.76,38.53,32.59,37.29,20.62
29.82,1.58,22.94,27.80,35.77,38.62,33.98,38.32,19.83
32.42,7.68,5.70,16.83,27.43,38.13,34.34,19.49,25.30
26.04,39.45,22.92,32.51,29.54,1.95,36.40,18.24,4.05
33.90,7.31,5.18,19.46,27.30,39.89,33.63,19.23,26.22
21.01,6.50,15.00,10.85,1.90,23.69,37.41,6.93,29.02
25.99,40.08,25.89,33.47,29.68,2.23,38.09,19.89,6.33
17.33,2.49,31.77,10.90,17.30,13.05,19.97,25.22,31.85
21.93,6.74,15.26,9.55,1.63,21.15,36.68,6.92,28.07
34.41,6.46,6.96,17.73,27.10,36.97,31.95,21.06,24.05
30.37,0.66,24.55,27.93,35.60,38.88,33.24,38.03,21.21
32.25,17.00,31.11,26.29,15.76,1.25,22.11,12.05,5.66
21.53,5.76,16.09,9.76,0.30,22.03,36.35,8.36,28.50
27.46,39.79,25.81,32.94,27.86,2.16,36.90,17.87,2.27
19.38,7.04,15.98,9.84,0.08,22.08,36.15,6.50,27.64
14.42,4.11,31.44,11.73,17.62,10.83,20.74,24.89,32.63
23.03,7.04,16.32,9.66,1.48,23.65,36.98,5.37,26.57
28.00,39.84,24.54,30.60,27.50,1.87,34.99,16.52,4.56
33.04,9.85,7.00,17.10,26.06,39.01,34.65,20.25,26.19
27.85,38.06,23.49,31.12,27.73,2.07,36.11,18.73,3.15
29.57,2.85,22.48,28.41,37.03,39.24,33.26,38.39,22.15
32.75,16.83,31.37,26.61,14.23,0.53,21.81,14.58,6.19
28.38,1.65,23.96,26.90,35.36,38.53,33.59,37.72,19.65
34.89,7.43,7.00,19.64,27.82,38.22,32.12,20.31,25.79
15.31,2.93,33.08,13.84,19.04,12.16,23.57,25.76,30.61
27.16,40.31,24.86,33.52,28.61,2.12,37.77,15.37,3.87
32.19,8.14,7.10,18.49,27.01,37.65,33.82,18.69,24.74
29.86,1.10,22.12,27.74,36.60,36.83,34.47,38.60,20.99
21.77,6.70,13.48,8.69,2.21,22.42,36.71,6.96,27.03
34.75,7.65,7.55,17.40,26.59,37.44,34.71,19.60,25.50
14.67,-0.22,29.86,12.13,20.44,10.89,20.47,24.19,33.18
29.13,1.78,23.85,26.52,35.75,38.43,35.36,38.99,19.47
22.23,7.88,14.30,12.64,2.87,24.45,36.70,5.30,29.05
34.12,7.81,5.84,18.27,26.33,38.47,34.53,21.36,26.02
28.39,-0.01,24.68,27.63,37.17,41.88,33.26,37.26,19.69
33.84,8.00,7.97,18.07,25.63,39.06,35.10,19.84,25.16
28.91,1.17,24.60,28.24,38.30,38.76,33.44,38.65,19.98
34.04,17.12,29.98,25.47,15.55,1.46,22.42,12.14,4.22
27.40,0.64,24.56,27.18,35.24,39.19,34.01,37.90,19.35
26.36,40.75,23.39,32.11,28.58,2.22,38.58,16.41,5.45
15.52,1.82,31.34,11.96,18.77,11.34,21.49,25.85,31.56
27.83,0.94,23.45,25.59,37.68,38.64,33.55,38.17,19.02
29.39,0.89,24.62,28.66,34.70,38.59,31.54,37.17,20.14
18.54,3.75,30.14,12.43,18.34,11.19,22.61,26.20,30.83
21.68,7.65,17.25,8.76,-0.42,22.34,37.76,7.10,28.68
26.23,41.23,22.13,31.85,29.08,0.56,36.18,17.21,5.26
32.86,7.26,6.98,17.16,28.35,37.70,34.04,18.23,24.58
16.28,2.32,32.82,11.22,17.28,12.78,20.12,25.97,30.24
16.48,3.00,31.47,12.33,17.82,12.06,21.93,24.11,31.89
26.97,40.47,24.61,32.80,27.80,1.90,34.14,17.14,3.93
22.96,8.47,15.19,8.83,1.20,23.24,37.35,7.72,28.06
35.04,7.86,7.60,16.70,27.97,38.07,32.41,20.43,26.75
34.20,6.61,6.54,17.06,27.21,35.72,33.49,18.22,23.69
15.02,2.13,32.80,11.07,18.24,12.35,22.16,25.28,31.73
21.49,7.73,17.11,9.09,1.51,21.61,36.09,6.64,25.95
28.47,3.89,23.93,28.55,35.45,37.74,32.40,38.20,19.75
27.73,38.64,24.73,33.25,28.30,0.03,34.95,19.26,4.21
27.92,0.62,23.81,27.27,33.38,38.06,33.05,37.83,21.18
23.09,7.11,15.68,9.57,2.82,22.10,35.80,7.45,27.56
15.73,2.66,30.04,9.82,18.91,11.69,21.89,24.19,31.42
28.86,38.40,24.20,30.95,29.07,0.63,35.75,17.83,4.86
27.66,0.70,23.48,29.12,36.95,37.79,34.51,37.54,20.76
22.34,8.28,13.43,8.30,2.61,22.35,37.07,8.61,28.04
33.79,8.60,7.05,18.96,27.53,36.45,32.86,19.71,23.55
22.97,8.60,16.24,9.19,0.47,21.75,35.02,8.13,28.39
27.38,38.90,25.24,33.66,28.13,-0.11,34.16,17.48,4.82
28.20,40.54,24.28,31.30,29.07,0.27,35.23,16.42,4.60
17.31,2.36,33.12,9.83,18.38,12.74,21.84,26.78,30.09
22.40,8.32,15.33,10.01,0.27,22.39,38.18,7.70,28.41
35.29,17.17,31.01,25.87,14.34,0.66,20.03,13.20,5.64
16.43,3.15,31.13,10.72,17.47,13.46,21.30,24.20,31.52
28.67,1.44,23.18,28.38,35.60,36.18,32.64,38.04,19.33
28.72,4.22,23.35,28.98,36.45,38.24,33.14,37.50,20.80
25.37,39.66,22.88,30.99,27.02,1.80,36.74,17.17,5.77
22.02,5.38,17.09,9.35,0.90,24.75,36.65,6.82,28.97
32.40,6.69,6.72,16.76,28.80,38.24,33.91,22.30,22.90
33.00,9.06,7.74,20.86,25.50,39.23,33.37,19.23,25.74
32.86,17.85,30.39,25.84,13.41,1.02,21.96,13.25,7.26
28.40,1.14,22.46,26.93,37.38,39.70,33.09,39.09,20.13
27.41,39.58,27.28,31.27,28.98,0.71,36.31,19.24,4.62
28.13,0.48,22.84,26.80,35.16,38.99,33.55,37.40,20.90
26.32,39.63,23.19,31.24,29.74,1.05,35.05,18.92,5.73
27.84,0.12,23.46,26.51,36.63,39.13,33.22,37.00,20.95
20.71,7.10,16.02,8.39,0.12,24.29,37.61,7.33,27.89
27.61,39.27,24.87,34.53,28.77,0.63,34.25,18.84,3.65
34.73,8.72,7.20,19.85,27.32,38.61,32.81,20.46,23.85
17.01,1.94,31.58,10.80,18.74,12.41,20.20,24.76,31.39
34.68,7.07,6.43,19.26,26.96,37.38,33.18,18.35,24.68
26.48,38.78,25.43,33.09,26.06,1.01,36.22,17.58,5.48
32.49,17.46,30.69,24.78,14.44,-1.50,22.73,12.72,5.53
26.55,40.04,23.59,32.41,27.47,2.36,36.51,18.10,5.30
30.43,0.46,22.02,29.11,35.71,39.52,32.79,36.38,21.20
26.89,1.78,24.93,29.03,35.82,39.98,35.01,37.83,20.56
32.63,8.04,5.95,16.62,26.67,38.85,32.42,21.07,23.62
26.03,38.72,25.11,33.20,28.47,2.76,36.26,17.83,5.22
26.71,38.90,25.25,30.82,27.81,1.34,36.34,17.68,6.46
21.86,7.71,16.00,9.10,0.58,21.68,36.03,9.44,28.13
15.27,2.76,32.34,12.44,17.59,11.97,21.62,25.77,30.84
33.70,18.86,31.13,26.91,14.27,-0.57,20.85,12.62,5.22
21.81,7.25,14.69,8.28,1.06,23.02,36.51,7.66,28.26
34.45,9.53,5.95,18.23,25.26,38.48,33.11,20.58,23.93
18.02,1.56,31.67,13.04,19.17,12.37,22.16,26.11,31.30
30.84,1.29,24.17,28.19,37.31,37.98,34.55,37.68,19.68
32.69,7.86,6.09,20.02,26.54,38.35,33.04,20.45,25.05
33.91,18.52,31.07,24.59,15.63,-0.28,20.97,12.38,6.39
21.58,6.54,16.77,10.24,0.88,24.33,35.74,7.79,30.38
24.11,7.27,14.91,10.43,1.42,21.51,35.35,7.84,29.18
20.70,6.93,19.02,9.55,2.22,24.53,37.02,6.41,26.52
26.33,38.60,24.58,31.55,26.09,0.77,35.78,17.63,5.84
33.71,16.68,30.02,27.24,15.37,-0.49,21.26,10.34,5.10
34.67,17.79,29.55,24.78,14.42,0.53,19.85,11.54,6.23
33.43,8.25,7.96,18.88,26.18,39.17,31.90,18.97,24.39
33.01,18.11,31.29,25.80,14.26,0.85,22.57,12.98,5.60
29.60,3.25,23.95,27.70,37.31,38.30,33.12,37.74,21.56
33.02,17.12,29.71,25.55,13.62,1.43,22.35,11.63,4.54
27.34,1.95,23.21,28.16,36.42,37.83,33.06,38.59,18.93
21.77,8.67,15.56,10.40,-0.50,22.16,36.61,8.16,26.00
26.15,39.91,24.31,32.02,28.05,2.33,36.18,19.84,4.16
29.91,1.55,24.14,28.54,36.22,37.87,33.76,38.82,19.52
30.83,10.00,6.52,18.77,26.63,38.15,33.55,19.37,24.54
